 0.878
 0.914
 0.931
 0.942
 0.951
 0.957
 0.962
 0.967
 0.969
 0.972
 0.974
 0.976
 0.977
 0.977
 0.978
 0.978
 0.980
 0.982
 0.983
 0.983
 0.985
 0.984
 0.984
 0.985
 0.986
 0.986
 0.987
 0.987
 0.987
 0.988
 0.988
 0.988
 0.988
 0.988
 0.988
 0.989
 0.989
 0.989
 0.989
 0.989
 0.989
 0.989
 0.990
 0.989
 0.990
 0.990
 0.990
 0.990
 0.989
 0.991
 0.990
 0.990
 0.990
 0.990
 0.991
 0.991
 0.991
 0.991
 0.991
 0.991
 0.991
 0.991
 0.991
 0.991
 0.991
 0.991
 0.991
 0.991
 0.991
 0.991
 0.992
 0.991
 0.991
 0.991
 0.991
 0.991
 0.992
 0.992
 0.992
 0.992
 0.992
 0.992
 0.992
 0.992
 0.992
 0.992
 0.992
 0.992
 0.992
 0.992
 0.992
 0.992
 0.992
 0.992
 0.992
 0.992
